lat1=40.8964813
lat2=34.0248823
lon1=126.3422318
lon2=133.3624956